Version Version4
NextID 87
TimeToNextFrame 30
Container
   ID 0
   ParentID -1
   Name 
   Facing 0
   Rot1 0 0 0
   Rot2 0 0 0
   Trans 0 0 0
   Vertex
      ID 10
      Pos 1000 1629.81 1000
      Norm 0 1 0
      TC 1 0 0 0 0 0 0 0 0 0 0 0 0 0 0 0 
      Color 255 255 255 255
   Vertex
      ID 100
      Pos 1.438 -500 3.304
      Norm 1 0 0
      TC 0 0.5 0 0 0 0 0 0 0 0 0 0 0 0 0 0 
      Color 255 255 255 255
   Vertex
      ID 101
      Pos 1.438 -375 -371.696
      Norm 1 0 0
      TC 0 0 0 0 0 0 0 0 0 0 0 0 0 0 0 0 
      Color 255 255 255 255
   Vertex
      ID 102
      Pos 1.438 0 -496.696
      Norm 1 0 0
      TC 0.5 0 0 0 0 0 0 0 0 0 0 0 0 0 0 0 
      Color 255 255 255 255
   Vertex
      ID 105
      Pos 1.438 0 3.304
      Norm 1 0 0
      TC 0.5 0.5 0 0 0 0 0 0 0 0 0 0 0 0 0 0 
      Color 255 255 255 255
   Vertex
      ID 106
      Pos 1.438 0 -496.696
      Norm 1 0 0
      TC 0.5 0 0 0 0 0 0 0 0 0 0 0 0 0 0 0 
      Color 255 255 255 255
   Vertex
      ID 107
      Pos 1.438 375 -371.696
      Norm 1 0 0
      TC 1 0 0 0 0 0 0 0 0 0 0 0 0 0 0 0 
      Color 255 255 255 255
   Vertex
      ID 108
      Pos 1.438 500 3.304
      Norm 1 0 0
      TC 1 0.5 0 0 0 0 0 0 0 0 0 0 0 0 0 0 
      Color 255 255 255 255
   Vertex
      ID 11
      Pos 1000 1629.81 -1000
      Norm 0 1 0
      TC 1 1 0 0 0 0 0 0 0 0 0 0 0 0 0 0 
      Color 255 255 255 255
   Vertex
      ID 111
      Pos 1.438 0 3.304
      Norm 1 0 0
      TC 0.5 0.5 0 0 0 0 0 0 0 0 0 0 0 0 0 0 
      Color 255 255 255 255
   Vertex
      ID 112
      Pos 1.438 500 3.304
      Norm 1 0 0
      TC 1 0.5 0 0 0 0 0 0 0 0 0 0 0 0 0 0 
      Color 255 255 255 255
   Vertex
      ID 113
      Pos 1.438 375 378.304
      Norm 1 0 0
      TC 1 1 0 0 0 0 0 0 0 0 0 0 0 0 0 0 
      Color 255 255 255 255
   Vertex
      ID 114
      Pos 1.438 0 503.304
      Norm 1 0 0
      TC 0.5 1 0 0 0 0 0 0 0 0 0 0 0 0 0 0 
      Color 255 255 255 255
   Vertex
      ID 117
      Pos 1.438 0 3.304
      Norm 1 0 0
      TC 0.5 0.5 0 0 0 0 0 0 0 0 0 0 0 0 0 0 
      Color 255 255 255 255
   Vertex
      ID 118
      Pos 1.438 0 503.304
      Norm 1 0 0
      TC 0.5 1 0 0 0 0 0 0 0 0 0 0 0 0 0 0 
      Color 255 255 255 255
   Vertex
      ID 119
      Pos 1.438 -375 378.304
      Norm 1 0 0
      TC 0 1 0 0 0 0 0 0 0 0 0 0 0 0 0 0 
      Color 255 255 255 255
   Vertex
      ID 12
      Pos -999.999 1629.81 -1000
      Norm 0 1 0
      TC 0 1 0 0 0 0 0 0 0 0 0 0 0 0 0 0 
      Color 255 255 255 255
   Vertex
      ID 120
      Pos 1.438 -500 3.304
      Norm 1 0 0
      TC 0 0.5 0 0 0 0 0 0 0 0 0 0 0 0 0 0 
      Color 255 255 255 255
   Vertex
      ID 123
      Pos -1984.14 0 503.304
      Norm 4.8117e-07 0.316228 0.948683
      TC 0.5 0.5 0 0 0 0 0 0 0 0 0 0 0 0 0 0 
      Color 255 255 255 255
   Vertex
      ID 124
      Pos -1984.14 375 378.304
      Norm 4.8117e-07 0.316228 0.948683
      TC 0 0.5 0 0 0 0 0 0 0 0 0 0 0 0 0 0 
      Color 255 255 255 255
   Vertex
      ID 125
      Pos -3969.72 375 378.305
      Norm 4.8117e-07 0.316228 0.948683
      TC 0 0 0 0 0 0 0 0 0 0 0 0 0 0 0 0 
      Color 255 255 255 255
   Vertex
      ID 126
      Pos -3969.72 0 503.305
      Norm 4.8117e-07 0.316228 0.948683
      TC 0.5 0 0 0 0 0 0 0 0 0 0 0 0 0 0 0 
      Color 255 255 255 255
   Vertex
      ID 129
      Pos -1984.14 0 503.304
      Norm 4.8117e-07 -0.316225 0.948684
      TC 0.5 0.5 0 0 0 0 0 0 0 0 0 0 0 0 0 0 
      Color 255 255 255 255
   Vertex
      ID 130
      Pos -3969.72 0 503.305
      Norm 2.40585e-07 -0.316227 0.948684
      TC 0.5 0 0 0 0 0 0 0 0 0 0 0 0 0 0 0 
      Color 255 255 255 255
   Vertex
      ID 131
      Pos -3969.72 -375 378.305
      Norm 0 -0.316228 0.948683
      TC 1 0 0 0 0 0 0 0 0 0 0 0 0 0 0 0 
      Color 255 255 255 255
   Vertex
      ID 132
      Pos -1984.14 -375 378.305
      Norm 2.40585e-07 -0.316227 0.948684
      TC 1 0.5 0 0 0 0 0 0 0 0 0 0 0 0 0 0 
      Color 255 255 255 255
   Vertex
      ID 135
      Pos -1984.14 0 503.304
      Norm 0 -0.316225 0.948684
      TC 0.5 0.5 0 0 0 0 0 0 0 0 0 0 0 0 0 0 
      Color 255 255 255 255
   Vertex
      ID 136
      Pos -1984.14 -375 378.305
      Norm 2.40585e-07 -0.316227 0.948684
      TC 1 0.5 0 0 0 0 0 0 0 0 0 0 0 0 0 0 
      Color 255 255 255 255
   Vertex
      ID 137
      Pos 1.438 -375 378.304
      Norm 4.8117e-07 -0.316228 0.948683
      TC 1 1 0 0 0 0 0 0 0 0 0 0 0 0 0 0 
      Color 255 255 255 255
   Vertex
      ID 138
      Pos 1.438 0 503.304
      Norm 2.40585e-07 -0.316227 0.948684
      TC 0.5 1 0 0 0 0 0 0 0 0 0 0 0 0 0 0 
      Color 255 255 255 255
   Vertex
      ID 141
      Pos -1984.14 0 503.304
      Norm 0 0.316228 0.948683
      TC 0.5 0.5 0 0 0 0 0 0 0 0 0 0 0 0 0 0 
      Color 255 255 255 255
   Vertex
      ID 142
      Pos 1.438 0 503.304
      Norm 0 0.316228 0.948683
      TC 0.5 1 0 0 0 0 0 0 0 0 0 0 0 0 0 0 
      Color 255 255 255 255
   Vertex
      ID 143
      Pos 1.438 375 378.304
      Norm 0 0.316228 0.948683
      TC 0 1 0 0 0 0 0 0 0 0 0 0 0 0 0 0 
      Color 255 255 255 255
   Vertex
      ID 144
      Pos -1984.14 375 378.304
      Norm 0 0.316228 0.948683
      TC 0 0.5 0 0 0 0 0 0 0 0 0 0 0 0 0 0 
      Color 255 255 255 255
   Vertex
      ID 147
      Pos -3997.12 -1000 6.609
      Norm -0.120005 -0.992773 0
      TC 0.5 0.5 0 0 0 0 0 0 0 0 0 0 0 0 0 0 
      Color 255 255 255 255
   Vertex
      ID 148
      Pos -3997.12 -1000 1006.61
      Norm -0.122843 -0.992423 0.00256893
      TC 0 0.5 0 0 0 0 0 0 0 0 0 0 0 0 0 0 
      Color 255 255 255 255
   Vertex
      ID 149
      Pos -4848.4 -892.157 1006.61
      Norm -0.125678 -0.992058 0.00513782
      TC 0 0 0 0 0 0 0 0 0 0 0 0 0 0 0 0 
      Color 255 255 255 255
   Vertex
      ID 15
      Pos -1000 -370.193 1000
      Norm -1 0 0
      TC 0 0 0 0 0 0 0 0 0 0 0 0 0 0 0 0 
      Color 255 255 255 255
   Vertex
      ID 150
      Pos -4889.28 -892.157 6.609
      Norm -0.122843 -0.992423 0.00256893
      TC 0.5 0 0 0 0 0 0 0 0 0 0 0 0 0 0 0 
      Color 255 255 255 255
   Vertex
      ID 153
      Pos -3997.12 -1000 6.609
      Norm -0.120005 -0.992773 1.17193e-07
      TC 0.5 0.5 0 0 0 0 0 0 0 0 0 0 0 0 0 0 
      Color 255 255 255 255
   Vertex
      ID 154
      Pos -4889.28 -892.157 6.609
      Norm -0.122843 -0.992423 -0.00256894
      TC 0.5 0 0 0 0 0 0 0 0 0 0 0 0 0 0 0 
      Color 255 255 255 255
   Vertex
      ID 155
      Pos -4848.4 -892.157 -993.391
      Norm -0.125678 -0.992058 -0.00513795
      TC 1 0 0 0 0 0 0 0 0 0 0 0 0 0 0 0 
      Color 255 255 255 255
   Vertex
      ID 156
      Pos -3997.12 -1000 -993.391
      Norm -0.122843 -0.992423 -0.00256894
      TC 1 0.5 0 0 0 0 0 0 0 0 0 0 0 0 0 0 
      Color 255 255 255 255
   Vertex
      ID 159
      Pos -3997.12 -1000 6.609
      Norm 0.120006 -0.992773 -1.17193e-07
      TC 0.5 0.5 0 0 0 0 0 0 0 0 0 0 0 0 0 0 
      Color 255 255 255 255
   Vertex
      ID 16
      Pos -1000 1629.81 999.999
      Norm -1 2.4414e-07 -2.44141e-07
      TC 1 0 0 0 0 0 0 0 0 0 0 0 0 0 0 0 
      Color 255 255 255 255
   Vertex
      ID 160
      Pos -3997.12 -1000 -993.391
      Norm 0.122843 -0.992423 -0.00256906
      TC 1 0.5 0 0 0 0 0 0 0 0 0 0 0 0 0 0 
      Color 255 255 255 255
   Vertex
      ID 161
      Pos -3145.85 -892.157 -993.391
      Norm 0.125678 -0.992058 -0.00513797
      TC 1 1 0 0 0 0 0 0 0 0 0 0 0 0 0 0 
      Color 255 255 255 255
   Vertex
      ID 162
      Pos -3104.97 -892.157 6.609
      Norm 0.122843 -0.992423 -0.00256906
      TC 0.5 1 0 0 0 0 0 0 0 0 0 0 0 0 0 0 
      Color 255 255 255 255
   Vertex
      ID 165
      Pos -3997.12 -1000 6.609
      Norm 0.120006 -0.992773 0
      TC 0.5 0.5 0 0 0 0 0 0 0 0 0 0 0 0 0 0 
      Color 255 255 255 255
   Vertex
      ID 166
      Pos -3104.97 -892.157 6.609
      Norm 0.122843 -0.992423 0.00256901
      TC 0.5 1 0 0 0 0 0 0 0 0 0 0 0 0 0 0 
      Color 255 255 255 255
   Vertex
      ID 167
      Pos -3145.85 -892.157 1006.61
      Norm 0.125678 -0.992058 0.00513798
      TC 0 1 0 0 0 0 0 0 0 0 0 0 0 0 0 0 
      Color 255 255 255 255
   Vertex
      ID 168
      Pos -3997.12 -1000 1006.61
      Norm 0.122843 -0.992423 0.00256901
      TC 0 0.5 0 0 0 0 0 0 0 0 0 0 0 0 0 0 
      Color 255 255 255 255
   Vertex
      ID 17
      Pos -999.999 1629.81 -1000
      Norm -1 4.8828e-07 -4.88282e-07
      TC 1 1 0 0 0 0 0 0 0 0 0 0 0 0 0 0 
      Color 255 255 255 255
   Vertex
      ID 171
      Pos -3997.12 1000 6.609
      Norm -0.316228 0.948683 0
      TC 0.5 0.5 0 0 0 0 0 0 0 0 0 0 0 0 0 0 
      Color 255 255 255 255
   Vertex
      ID 172
      Pos -4747.12 750 6.609
      Norm -0.316228 0.948683 0
      TC 0 0.5 0 0 0 0 0 0 0 0 0 0 0 0 0 0 
      Color 255 255 255 255
   Vertex
      ID 173
      Pos -4747.12 750 1006.61
      Norm -0.316228 0.948683 0
      TC 0 0 0 0 0 0 0 0 0 0 0 0 0 0 0 0 
      Color 255 255 255 255
   Vertex
      ID 174
      Pos -3997.12 1000 1006.61
      Norm -0.316228 0.948683 0
      TC 0.5 0 0 0 0 0 0 0 0 0 0 0 0 0 0 0 
      Color 255 255 255 255
   Vertex
      ID 177
      Pos -3997.12 1000 6.609
      Norm 0.316228 0.948683 0
      TC 0.5 0.5 0 0 0 0 0 0 0 0 0 0 0 0 0 0 
      Color 255 255 255 255
   Vertex
      ID 178
      Pos -3997.12 1000 1006.61
      Norm 0.316228 0.948683 0
      TC 0.5 0 0 0 0 0 0 0 0 0 0 0 0 0 0 0 
      Color 255 255 255 255
   Vertex
      ID 179
      Pos -3247.12 750 1006.61
      Norm 0.316228 0.948683 0
      TC 1 0 0 0 0 0 0 0 0 0 0 0 0 0 0 0 
      Color 255 255 255 255
   Vertex
      ID 18
      Pos -1000 -370.193 -1000
      Norm -1 2.4414e-07 -2.44141e-07
      TC 0 1 0 0 0 0 0 0 0 0 0 0 0 0 0 0 
      Color 255 255 255 255
   Vertex
      ID 180
      Pos -3247.12 750 6.609
      Norm 0.316228 0.948683 0
      TC 1 0.5 0 0 0 0 0 0 0 0 0 0 0 0 0 0 
      Color 255 255 255 255
   Vertex
      ID 183
      Pos -3997.12 1000 6.609
      Norm 0.316228 0.948683 3.08816e-07
      TC 0.5 0.5 0 0 0 0 0 0 0 0 0 0 0 0 0 0 
      Color 255 255 255 255
   Vertex
      ID 184
      Pos -3247.12 750 6.609
      Norm 0.316228 0.948683 3.08816e-07
      TC 1 0.5 0 0 0 0 0 0 0 0 0 0 0 0 0 0 
      Color 255 255 255 255
   Vertex
      ID 185
      Pos -3247.12 750 -993.391
      Norm 0.316228 0.948683 3.08816e-07
      TC 1 1 0 0 0 0 0 0 0 0 0 0 0 0 0 0 
      Color 255 255 255 255
   Vertex
      ID 186
      Pos -3997.12 1000 -993.391
      Norm 0.316228 0.948683 3.08816e-07
      TC 0.5 1 0 0 0 0 0 0 0 0 0 0 0 0 0 0 
      Color 255 255 255 255
   Vertex
      ID 189
      Pos -3997.12 1000 6.609
      Norm -0.316228 0.948683 -3.08816e-07
      TC 0.5 0.5 0 0 0 0 0 0 0 0 0 0 0 0 0 0 
      Color 255 255 255 255
   Vertex
      ID 190
      Pos -3997.12 1000 -993.391
      Norm -0.316228 0.948683 -3.12522e-07
      TC 0.5 1 0 0 0 0 0 0 0 0 0 0 0 0 0 0 
      Color 255 255 255 255
   Vertex
      ID 191
      Pos -4747.12 750 -993.391
      Norm -0.316228 0.948683 -3.16228e-07
      TC 0 1 0 0 0 0 0 0 0 0 0 0 0 0 0 0 
      Color 255 255 255 255
   Vertex
      ID 192
      Pos -4747.12 750 6.609
      Norm -0.316228 0.948683 -3.12522e-07
      TC 0 0.5 0 0 0 0 0 0 0 0 0 0 0 0 0 0 
      Color 255 255 255 255
   Vertex
      ID 195
      Pos -4997.12 0 6.609
      Norm -0.992773 -0.120007 0
      TC 0.5 0.5 0 0 0 0 0 0 0 0 0 0 0 0 0 0 
      Color 255 255 255 255
   Vertex
      ID 196
      Pos -4889.28 -892.157 6.609
      Norm -0.98963 -0.142218 0.020155
      TC 0 0.5 0 0 0 0 0 0 0 0 0 0 0 0 0 0 
      Color 255 255 255 255
   Vertex
      ID 197
      Pos -4848.4 -892.157 1006.61
      Norm -0.985587 -0.1643 0.0402916
      TC 0 0 0 0 0 0 0 0 0 0 0 0 0 0 0 0 
      Color 255 255 255 255
   Vertex
      ID 198
      Pos -4997.12 0 1006.61
      Norm -0.98963 -0.142218 0.020155
      TC 0.5 0 0 0 0 0 0 0 0 0 0 0 0 0 0 0 
      Color 255 255 255 255
   Vertex
      ID 201
      Pos -4997.12 0 6.609
      Norm -0.948683 0.316228 0
      TC 0.5 0.5 0 0 0 0 0 0 0 0 0 0 0 0 0 0 
      Color 255 255 255 255
   Vertex
      ID 202
      Pos -4997.12 0 1006.61
      Norm -0.948683 0.316228 0
      TC 0.5 0 0 0 0 0 0 0 0 0 0 0 0 0 0 0 
      Color 255 255 255 255
   Vertex
      ID 203
      Pos -4747.12 750 1006.61
      Norm -0.948683 0.316228 0
      TC 1 0 0 0 0 0 0 0 0 0 0 0 0 0 0 0 
      Color 255 255 255 255
   Vertex
      ID 204
      Pos -4747.12 750 6.609
      Norm -0.948683 0.316228 0
      TC 1 0.5 0 0 0 0 0 0 0 0 0 0 0 0 0 0 
      Color 255 255 255 255
   Vertex
      ID 207
      Pos -4997.12 0 6.609
      Norm -0.948683 0.316228 -9.26449e-07
      TC 0.5 0.5 0 0 0 0 0 0 0 0 0 0 0 0 0 0 
      Color 255 255 255 255
   Vertex
      ID 208
      Pos -4747.12 750 6.609
      Norm -0.948683 0.316228 -9.26449e-07
      TC 1 0.5 0 0 0 0 0 0 0 0 0 0 0 0 0 0 
      Color 255 255 255 255
   Vertex
      ID 209
      Pos -4747.12 750 -993.391
      Norm -0.948683 0.316228 -9.26449e-07
      TC 1 1 0 0 0 0 0 0 0 0 0 0 0 0 0 0 
      Color 255 255 255 255
   Vertex
      ID 21
      Pos 1000 -370.193 -1000
      Norm 1 0 4.88281e-07
      TC 0 0 0 0 0 0 0 0 0 0 0 0 0 0 0 0 
      Color 255 255 255 255
   Vertex
      ID 210
      Pos -4997.12 0 -993.391
      Norm -0.948683 0.316228 -9.26449e-07
      TC 0.5 1 0 0 0 0 0 0 0 0 0 0 0 0 0 0 
      Color 255 255 255 255
   Vertex
      ID 213
      Pos -4997.12 0 6.609
      Norm -0.992773 -0.120007 -9.69505e-07
      TC 0.5 0.5 0 0 0 0 0 0 0 0 0 0 0 0 0 0 
      Color 255 255 255 255
   Vertex
      ID 214
      Pos -4997.12 0 -993.391
      Norm -0.98963 -0.142218 -0.020156
      TC 0.5 1 0 0 0 0 0 0 0 0 0 0 0 0 0 0 
      Color 255 255 255 255
   Vertex
      ID 215
      Pos -4848.4 -892.157 -993.391
      Norm -0.985587 -0.1643 -0.0402926
      TC 0 1 0 0 0 0 0 0 0 0 0 0 0 0 0 0 
      Color 255 255 255 255
   Vertex
      ID 216
      Pos -4889.28 -892.157 6.609
      Norm -0.98963 -0.142218 -0.020156
      TC 0 0.5 0 0 0 0 0 0 0 0 0 0 0 0 0 0 
      Color 255 255 255 255
   Vertex
      ID 219
      Pos -2997.12 0 6.609
      Norm 0.992773 -0.120005 0
      TC 0.5 0.5 0 0 0 0 0 0 0 0 0 0 0 0 0 0 
      Color 255 255 255 255
   Vertex
      ID 22
      Pos 1000 1629.81 -1000
      Norm 1 -2.4414e-07 2.44141e-07
      TC 1 0 0 0 0 0 0 0 0 0 0 0 0 0 0 0 
      Color 255 255 255 255
   Vertex
      ID 220
      Pos -3104.97 -892.157 6.609
      Norm 0.98963 -0.142217 -0.0201556
      TC 0 0.5 0 0 0 0 0 0 0 0 0 0 0 0 0 0 
      Color 255 255 255 255
   Vertex
      ID 221
      Pos -3145.85 -892.157 -993.391
      Norm 0.985587 -0.1643 -0.0402929
      TC 0 0 0 0 0 0 0 0 0 0 0 0 0 0 0 0 
      Color 255 255 255 255
   Vertex
      ID 222
      Pos -2997.12 0 -993.391
      Norm 0.98963 -0.142217 -0.0201556
      TC 0.5 0 0 0 0 0 0 0 0 0 0 0 0 0 0 0 
      Color 255 255 255 255
   Vertex
      ID 225
      Pos -2997.12 0 6.609
      Norm 0.948683 0.316228 0
      TC 0.5 0.5 0 0 0 0 0 0 0 0 0 0 0 0 0 0 
      Color 255 255 255 255
   Vertex
      ID 226
      Pos -2997.12 0 -993.391
      Norm 0.948684 0.316227 4.6446e-07
      TC 0.5 0 0 0 0 0 0 0 0 0 0 0 0 0 0 0 
      Color 255 255 255 255
   Vertex
      ID 227
      Pos -3247.12 750 -993.391
      Norm 0.948684 0.316227 9.28919e-07
      TC 1 0 0 0 0 0 0 0 0 0 0 0 0 0 0 0 
      Color 255 255 255 255
   Vertex
      ID 228
      Pos -3247.12 750 6.609
      Norm 0.948684 0.316227 4.6446e-07
      TC 1 0.5 0 0 0 0 0 0 0 0 0 0 0 0 0 0 
      Color 255 255 255 255
   Vertex
      ID 23
      Pos 1000 1629.81 1000
      Norm 1 -4.88281e-07 0
      TC 1 1 0 0 0 0 0 0 0 0 0 0 0 0 0 0 
      Color 255 255 255 255
   Vertex
      ID 231
      Pos -2997.12 0 6.609
      Norm 0.948683 0.316228 0
      TC 0.5 0.5 0 0 0 0 0 0 0 0 0 0 0 0 0 0 
      Color 255 255 255 255
   Vertex
      ID 232
      Pos -3247.12 750 6.609
      Norm 0.948683 0.316228 0
      TC 1 0.5 0 0 0 0 0 0 0 0 0 0 0 0 0 0 
      Color 255 255 255 255
   Vertex
      ID 233
      Pos -3247.12 750 1006.61
      Norm 0.948683 0.316228 0
      TC 1 1 0 0 0 0 0 0 0 0 0 0 0 0 0 0 
      Color 255 255 255 255
   Vertex
      ID 234
      Pos -2997.12 0 1006.61
      Norm 0.948683 0.316228 0
      TC 0.5 1 0 0 0 0 0 0 0 0 0 0 0 0 0 0 
      Color 255 255 255 255
   Vertex
      ID 237
      Pos -2997.12 0 6.609
      Norm 0.992773 -0.120005 0
      TC 0.5 0.5 0 0 0 0 0 0 0 0 0 0 0 0 0 0 
      Color 255 255 255 255
   Vertex
      ID 238
      Pos -2997.12 0 1006.61
      Norm 0.98963 -0.142217 0.0201556
      TC 0.5 1 0 0 0 0 0 0 0 0 0 0 0 0 0 0 
      Color 255 255 255 255
   Vertex
      ID 239
      Pos -3145.85 -892.157 1006.61
      Norm 0.985587 -0.1643 0.0402929
      TC 0 1 0 0 0 0 0 0 0 0 0 0 0 0 0 0 
      Color 255 255 255 255
   Vertex
      ID 24
      Pos 999.999 -370.193 1000
      Norm 1 -2.4414e-07 2.44141e-07
      TC 0 1 0 0 0 0 0 0 0 0 0 0 0 0 0 0 
      Color 255 255 255 255
   Vertex
      ID 240
      Pos -3104.97 -892.157 6.609
      Norm 0.98963 -0.142217 0.0201556
      TC 0 0.5 0 0 0 0 0 0 0 0 0 0 0 0 0 0 
      Color 255 255 255 255
   Vertex
      ID 243
      Pos -3997.12 1000 2006.61
      Norm 0.316228 0.948683 0
      TC 0.5 0.5 0 0 0 0 0 0 0 0 0 0 0 0 0 0 
      Color 255 255 255 255
   Vertex
      ID 244
      Pos -3247.12 750 2006.61
      Norm 0.316228 0.948683 0
      TC 0 0.5 0 0 0 0 0 0 0 0 0 0 0 0 0 0 
      Color 255 255 255 255
   Vertex
      ID 245
      Pos -3247.12 750 1006.61
      Norm 0.316228 0.948683 0
      TC 0 0 0 0 0 0 0 0 0 0 0 0 0 0 0 0 
      Color 255 255 255 255
   Vertex
      ID 246
      Pos -3997.12 1000 1006.61
      Norm 0.316228 0.948683 0
      TC 0.5 0 0 0 0 0 0 0 0 0 0 0 0 0 0 0 
      Color 255 255 255 255
   Vertex
      ID 249
      Pos -3997.12 1000 2006.61
      Norm -0.316228 0.948683 0
      TC 0.5 0.5 0 0 0 0 0 0 0 0 0 0 0 0 0 0 
      Color 255 255 255 255
   Vertex
      ID 250
      Pos -3997.12 1000 1006.61
      Norm -0.316228 0.948683 0
      TC 0.5 0 0 0 0 0 0 0 0 0 0 0 0 0 0 0 
      Color 255 255 255 255
   Vertex
      ID 251
      Pos -4747.12 750 1006.61
      Norm -0.316228 0.948683 0
      TC 1 0 0 0 0 0 0 0 0 0 0 0 0 0 0 0 
      Color 255 255 255 255
   Vertex
      ID 252
      Pos -4747.12 750 2006.61
      Norm -0.316228 0.948683 0
      TC 1 0.5 0 0 0 0 0 0 0 0 0 0 0 0 0 0 
      Color 255 255 255 255
   Vertex
      ID 255
      Pos -3997.12 1000 2006.61
      Norm -0.301511 0.904534 0.30151
      TC 0.5 0.5 0 0 0 0 0 0 0 0 0 0 0 0 0 0 
      Color 255 255 255 255
   Vertex
      ID 256
      Pos -4747.12 750 2006.61
      Norm -0.366979 0.854783 0.366978
      TC 1 0.5 0 0 0 0 0 0 0 0 0 0 0 0 0 0 
      Color 255 255 255 255
   Vertex
      ID 257
      Pos -4552.68 555.556 2562.17
      Norm -0.428393 0.795588 0.428392
      TC 1 1 0 0 0 0 0 0 0 0 0 0 0 0 0 0 
      Color 255 255 255 255
   Vertex
      ID 258
      Pos -3997.12 750.001 2756.61
      Norm -0.366979 0.854783 0.366978
      TC 0.5 1 0 0 0 0 0 0 0 0 0 0 0 0 0 0 
      Color 255 255 255 255
   Vertex
      ID 261
      Pos -3997.12 1000 2006.61
      Norm 0.301511 0.904534 0.30151
      TC 0.5 0.5 0 0 0 0 0 0 0 0 0 0 0 0 0 0 
      Color 255 255 255 255
   Vertex
      ID 262
      Pos -3997.12 750.001 2756.61
      Norm 0.366979 0.854783 0.366978
      TC 0.5 1 0 0 0 0 0 0 0 0 0 0 0 0 0 0 
      Color 255 255 255 255
   Vertex
      ID 263
      Pos -3441.57 555.556 2562.17
      Norm 0.428393 0.795588 0.428392
      TC 0 1 0 0 0 0 0 0 0 0 0 0 0 0 0 0 
      Color 255 255 255 255
   Vertex
      ID 264
      Pos -3247.12 750 2006.61
      Norm 0.366979 0.854783 0.366978
      TC 0 0.5 0 0 0 0 0 0 0 0 0 0 0 0 0 0 
      Color 255 255 255 255
   Vertex
      ID 267
      Pos -2997.12 0 2006.61
      Norm 0.992773 -0.120005 0
      TC 0.5 0.5 0 0 0 0 0 0 0 0 0 0 0 0 0 0 
      Color 255 255 255 255
   Vertex
      ID 268
      Pos -3104.97 -892.157 2006.61
      Norm 0.98963 -0.142217 -0.0201556
      TC 0 0.5 0 0 0 0 0 0 0 0 0 0 0 0 0 0 
      Color 255 255 255 255
   Vertex
      ID 269
      Pos -3145.85 -892.157 1006.61
      Norm 0.985587 -0.1643 -0.0402929
      TC 0 0 0 0 0 0 0 0 0 0 0 0 0 0 0 0 
      Color 255 255 255 255
   Vertex
      ID 27
      Pos -999.999 1629.81 -1000
      Norm 0 0.906451 -0.422311
      TC 0 0 0 0 0 0 0 0 0 0 0 0 0 0 0 0 
      Color 255 255 255 255
   Vertex
      ID 270
      Pos -2997.12 0 1006.61
      Norm 0.98963 -0.142217 -0.0201556
      TC 0.5 0 0 0 0 0 0 0 0 0 0 0 0 0 0 0 
      Color 255 255 255 255
   Vertex
      ID 273
      Pos -2997.12 0 2006.61
      Norm 0.948683 0.316228 0
      TC 0.5 0.5 0 0 0 0 0 0 0 0 0 0 0 0 0 0 
      Color 255 255 255 255
   Vertex
      ID 274
      Pos -2997.12 0 1006.61
      Norm 0.948683 0.316228 0
      TC 0.5 0 0 0 0 0 0 0 0 0 0 0 0 0 0 0 
      Color 255 255 255 255
   Vertex
      ID 275
      Pos -3247.12 750 1006.61
      Norm 0.948683 0.316228 0
      TC 1 0 0 0 0 0 0 0 0 0 0 0 0 0 0 0 
      Color 255 255 255 255
   Vertex
      ID 276
      Pos -3247.12 750 2006.61
      Norm 0.948683 0.316228 0
      TC 1 0.5 0 0 0 0 0 0 0 0 0 0 0 0 0 0 
      Color 255 255 255 255
   Vertex
      ID 279
      Pos -2997.12 0 2006.61
      Norm 0.904534 0.301511 0.301511
      TC 0.5 0.5 0 0 0 0 0 0 0 0 0 0 0 0 0 0 
      Color 255 255 255 255
   Vertex
      ID 28
      Pos 1000 1629.81 -1000
      Norm 0 0.906451 -0.422311
      TC 1 0 0 0 0 0 0 0 0 0 0 0 0 0 0 0 
      Color 255 255 255 255
   Vertex
      ID 280
      Pos -3247.12 750 2006.61
      Norm 0.854783 0.366979 0.366979
      TC 1 0.5 0 0 0 0 0 0 0 0 0 0 0 0 0 0 
      Color 255 255 255 255
   Vertex
      ID 281
      Pos -3441.57 555.556 2562.17
      Norm 0.795588 0.428392 0.428392
      TC 1 1 0 0 0 0 0 0 0 0 0 0 0 0 0 0 
      Color 255 255 255 255
   Vertex
      ID 282
      Pos -3247.12 0.001 2756.61
      Norm 0.854783 0.366979 0.366979
      TC 0.5 1 0 0 0 0 0 0 0 0 0 0 0 0 0 0 
      Color 255 255 255 255
   Vertex
      ID 285
      Pos -2997.12 0 2006.61
      Norm 0.942506 -0.113929 0.314169
      TC 0.5 0.5 0 0 0 0 0 0 0 0 0 0 0 0 0 0 
      Color 255 255 255 255
   Vertex
      ID 286
      Pos -3247.12 0.001 2756.61
      Norm 0.938137 -0.122714 0.32379
      TC 0.5 1 0 0 0 0 0 0 0 0 0 0 0 0 0 0 
      Color 255 255 255 255
   Vertex
      ID 287
      Pos -3331 -808.278 2672.73
      Norm 0.933591 -0.131475 0.333351
      TC 0 1 0 0 0 0 0 0 0 0 0 0 0 0 0 0 
      Color 255 255 255 255
   Vertex
      ID 288
      Pos -3104.97 -892.157 2006.61
      Norm 0.938137 -0.122714 0.32379
      TC 0 0.5 0 0 0 0 0 0 0 0 0 0 0 0 0 0 
      Color 255 255 255 255
   Vertex
      ID 29
      Pos 789.935 698.02 -3000
      Norm 0 0.906451 -0.422311
      TC 1 1 0 0 0 0 0 0 0 0 0 0 0 0 0 0 
      Color 255 255 255 255
   Vertex
      ID 291
      Pos -4997.12 0 2006.61
      Norm -0.948683 0.316228 0
      TC 0.5 0.5 0 0 0 0 0 0 0 0 0 0 0 0 0 0 
      Color 255 255 255 255
   Vertex
      ID 292
      Pos -4747.12 750 2006.61
      Norm -0.948683 0.316228 0
      TC 0 0.5 0 0 0 0 0 0 0 0 0 0 0 0 0 0 
      Color 255 255 255 255
   Vertex
      ID 293
      Pos -4747.12 750 1006.61
      Norm -0.948683 0.316228 0
      TC 0 0 0 0 0 0 0 0 0 0 0 0 0 0 0 0 
      Color 255 255 255 255
   Vertex
      ID 294
      Pos -4997.12 0 1006.61
      Norm -0.948683 0.316228 0
      TC 0.5 0 0 0 0 0 0 0 0 0 0 0 0 0 0 0 
      Color 255 255 255 255
   Vertex
      ID 297
      Pos -4997.12 0 2006.61
      Norm -0.992773 -0.120007 0
      TC 0.5 0.5 0 0 0 0 0 0 0 0 0 0 0 0 0 0 
      Color 255 255 255 255
   Vertex
      ID 298
      Pos -4997.12 0 1006.61
      Norm -0.98963 -0.142218 -0.020155
      TC 0.5 0 0 0 0 0 0 0 0 0 0 0 0 0 0 0 
      Color 255 255 255 255
   Vertex
      ID 299
      Pos -4848.4 -892.157 1006.61
      Norm -0.985587 -0.1643 -0.0402917
      TC 1 0 0 0 0 0 0 0 0 0 0 0 0 0 0 0 
      Color 255 255 255 255
   Vertex
      ID 3
      Pos -1000 -370.193 1000
      Norm 0 -1 0
      TC 0 0 0 0 0 0 0 0 0 0 0 0 0 0 0 0 
      Color 255 255 255 255
   Vertex
      ID 30
      Pos -789.932 698.02 -3000
      Norm 0 0.906451 -0.422311
      TC 0 1 0 0 0 0 0 0 0 0 0 0 0 0 0 0 
      Color 255 255 255 255
   Vertex
      ID 300
      Pos -4889.28 -892.157 2006.61
      Norm -0.98963 -0.142218 -0.020155
      TC 1 0.5 0 0 0 0 0 0 0 0 0 0 0 0 0 0 
      Color 255 255 255 255
   Vertex
      ID 303
      Pos -4997.12 0 2006.61
      Norm -0.942506 -0.11393 0.314169
      TC 0.5 0.5 0 0 0 0 0 0 0 0 0 0 0 0 0 0 
      Color 255 255 255 255
   Vertex
      ID 304
      Pos -4889.28 -892.157 2006.61
      Norm -0.938137 -0.122714 0.32379
      TC 1 0.5 0 0 0 0 0 0 0 0 0 0 0 0 0 0 
      Color 255 255 255 255
   Vertex
      ID 305
      Pos -4663.25 -808.278 2672.73
      Norm -0.933591 -0.131475 0.333349
      TC 1 1 0 0 0 0 0 0 0 0 0 0 0 0 0 0 
      Color 255 255 255 255
   Vertex
      ID 306
      Pos -4747.12 0.001 2756.61
      Norm -0.938137 -0.122714 0.32379
      TC 0.5 1 0 0 0 0 0 0 0 0 0 0 0 0 0 0 
      Color 255 255 255 255
   Vertex
      ID 309
      Pos -4997.12 0 2006.61
      Norm -0.904534 0.301511 0.301511
      TC 0.5 0.5 0 0 0 0 0 0 0 0 0 0 0 0 0 0 
      Color 255 255 255 255
   Vertex
      ID 310
      Pos -4747.12 0.001 2756.61
      Norm -0.854783 0.366979 0.366978
      TC 0.5 1 0 0 0 0 0 0 0 0 0 0 0 0 0 0 
      Color 255 255 255 255
   Vertex
      ID 311
      Pos -4552.68 555.556 2562.17
      Norm -0.795588 0.428392 0.428392
      TC 0 1 0 0 0 0 0 0 0 0 0 0 0 0 0 0 
      Color 255 255 255 255
   Vertex
      ID 312
      Pos -4747.12 750 2006.61
      Norm -0.854783 0.366979 0.366978
      TC 0 0.5 0 0 0 0 0 0 0 0 0 0 0 0 0 0 
      Color 255 255 255 255
   Vertex
      ID 315
      Pos -3997.12 -1000 2006.61
      Norm -0.120006 -0.992773 -1.17193e-07
      TC 0.5 0.5 0 0 0 0 0 0 0 0 0 0 0 0 0 0 
      Color 255 255 255 255
   Vertex
      ID 316
      Pos -4889.28 -892.157 2006.61
      Norm -0.122843 -0.992423 -0.00256899
      TC 0 0.5 0 0 0 0 0 0 0 0 0 0 0 0 0 0 
      Color 255 255 255 255
   Vertex
      ID 317
      Pos -4848.4 -892.157 1006.61
      Norm -0.125678 -0.992058 -0.00513782
      TC 0 0 0 0 0 0 0 0 0 0 0 0 0 0 0 0 
      Color 255 255 255 255
   Vertex
      ID 318
      Pos -3997.12 -1000 1006.61
      Norm -0.122843 -0.992423 -0.00256899
      TC 0.5 0 0 0 0 0 0 0 0 0 0 0 0 0 0 0 
      Color 255 255 255 255
   Vertex
      ID 321
      Pos -3997.12 -1000 2006.61
      Norm 0.120005 -0.992773 1.17193e-07
      TC 0.5 0.5 0 0 0 0 0 0 0 0 0 0 0 0 0 0 
      Color 255 255 255 255
   Vertex
      ID 322
      Pos -3997.12 -1000 1006.61
      Norm 0.122843 -0.992423 -0.00256895
      TC 0.5 0 0 0 0 0 0 0 0 0 0 0 0 0 0 0 
      Color 255 255 255 255
   Vertex
      ID 323
      Pos -3145.85 -892.157 1006.61
      Norm 0.125678 -0.992058 -0.00513799
      TC 1 0 0 0 0 0 0 0 0 0 0 0 0 0 0 0 
      Color 255 255 255 255
   Vertex
      ID 324
      Pos -3104.97 -892.157 2006.61
      Norm 0.122843 -0.992423 -0.00256895
      TC 1 0.5 0 0 0 0 0 0 0 0 0 0 0 0 0 0 
      Color 255 255 255 255
   Vertex
      ID 327
      Pos -3997.12 -1000 2006.61
      Norm 0.119151 -0.985701 0.119152
      TC 0.5 0.5 0 0 0 0 0 0 0 0 0 0 0 0 0 0 
      Color 255 255 255 255
   Vertex
      ID 328
      Pos -3104.97 -892.157 2006.61
      Norm 0.151756 -0.976698 0.151757
      TC 1 0.5 0 0 0 0 0 0 0 0 0 0 0 0 0 0 
      Color 255 255 255 255
   Vertex
      ID 329
      Pos -3331 -808.278 2672.73
      Norm 0.184027 -0.96554 0.184028
      TC 1 1 0 0 0 0 0 0 0 0 0 0 0 0 0 0 
      Color 255 255 255 255
   Vertex
      ID 33
      Pos 1000 1629.81 -1000
      Norm 0.994529 0 -0.104458
      TC 0 0 0 0 0 0 0 0 0 0 0 0 0 0 0 0 
      Color 255 255 255 255
   Vertex
      ID 330
      Pos -3997.12 -892.156 2898.77
      Norm 0.151756 -0.976698 0.151757
      TC 0.5 1 0 0 0 0 0 0 0 0 0 0 0 0 0 0 
      Color 255 255 255 255
   Vertex
      ID 333
      Pos -3997.12 -1000 2006.61
      Norm -0.119151 -0.985701 0.119152
      TC 0.5 0.5 0 0 0 0 0 0 0 0 0 0 0 0 0 0 
      Color 255 255 255 255
   Vertex
      ID 334
      Pos -3997.12 -892.156 2898.77
      Norm -0.151756 -0.976699 0.151757
      TC 0.5 1 0 0 0 0 0 0 0 0 0 0 0 0 0 0 
      Color 255 255 255 255
   Vertex
      ID 335
      Pos -4663.25 -808.278 2672.73
      Norm -0.184027 -0.96554 0.184028
      TC 0 1 0 0 0 0 0 0 0 0 0 0 0 0 0 0 
      Color 255 255 255 255
   Vertex
      ID 336
      Pos -4889.28 -892.157 2006.61
      Norm -0.151756 -0.976699 0.151757
      TC 0 0.5 0 0 0 0 0 0 0 0 0 0 0 0 0 0 
      Color 255 255 255 255
   Vertex
      ID 339
      Pos -3997.12 0.001 3006.61
      Norm -0.301511 0.301511 0.904534
      TC 0.5 0.5 0 0 0 0 0 0 0 0 0 0 0 0 0 0 
      Color 255 255 255 255
   Vertex
      ID 34
      Pos 1000 -370.193 -1000
      Norm 0.994529 0 -0.104458
      TC 1 0 0 0 0 0 0 0 0 0 0 0 0 0 0 0 
      Color 255 255 255 255
   Vertex
      ID 340
      Pos -3997.12 750.001 2756.61
      Norm -0.366979 0.366979 0.854783
      TC 0 0.5 0 0 0 0 0 0 0 0 0 0 0 0 0 0 
      Color 255 255 255 255
   Vertex
      ID 341
      Pos -4552.68 555.556 2562.17
      Norm -0.428392 0.428392 0.795588
      TC 0 0 0 0 0 0 0 0 0 0 0 0 0 0 0 0 
      Color 255 255 255 255
   Vertex
      ID 342
      Pos -4747.12 0.001 2756.61
      Norm -0.366979 0.366979 0.854783
      TC 0.5 0 0 0 0 0 0 0 0 0 0 0 0 0 0 0 
      Color 255 255 255 255
   Vertex
      ID 345
      Pos -3997.12 0.001 3006.61
      Norm -0.314169 -0.113929 0.942506
      TC 0.5 0.5 0 0 0 0 0 0 0 0 0 0 0 0 0 0 
      Color 255 255 255 255
   Vertex
      ID 346
      Pos -4747.12 0.001 2756.61
      Norm -0.32379 -0.122714 0.938137
      TC 0.5 0 0 0 0 0 0 0 0 0 0 0 0 0 0 0 
      Color 255 255 255 255
   Vertex
      ID 347
      Pos -4663.25 -808.278 2672.73
      Norm -0.333351 -0.131475 0.933591
      TC 1 0 0 0 0 0 0 0 0 0 0 0 0 0 0 0 
      Color 255 255 255 255
   Vertex
      ID 348
      Pos -3997.12 -892.156 2898.77
      Norm -0.32379 -0.122714 0.938137
      TC 1 0.5 0 0 0 0 0 0 0 0 0 0 0 0 0 0 
      Color 255 255 255 255
   Vertex
      ID 35
      Pos 789.935 -238.408 -3000
      Norm 0.994529 0 -0.104458
      TC 1 1 0 0 0 0 0 0 0 0 0 0 0 0 0 0 
      Color 255 255 255 255
   Vertex
      ID 351
      Pos -3997.12 0.001 3006.61
      Norm 0.314169 -0.113929 0.942506
      TC 0.5 0.5 0 0 0 0 0 0 0 0 0 0 0 0 0 0 
      Color 255 255 255 255
   Vertex
      ID 352
      Pos -3997.12 -892.156 2898.77
      Norm 0.32379 -0.122714 0.938137
      TC 1 0.5 0 0 0 0 0 0 0 0 0 0 0 0 0 0 
      Color 255 255 255 255
   Vertex
      ID 353
      Pos -3331 -808.278 2672.73
      Norm 0.333351 -0.131475 0.933591
      TC 1 1 0 0 0 0 0 0 0 0 0 0 0 0 0 0 
      Color 255 255 255 255
   Vertex
      ID 354
      Pos -3247.12 0.001 2756.61
      Norm 0.32379 -0.122714 0.938137
      TC 0.5 1 0 0 0 0 0 0 0 0 0 0 0 0 0 0 
      Color 255 255 255 255
   Vertex
      ID 357
      Pos -3997.12 0.001 3006.61
      Norm 0.301511 0.301511 0.904534
      TC 0.5 0.5 0 0 0 0 0 0 0 0 0 0 0 0 0 0 
      Color 255 255 255 255
   Vertex
      ID 358
      Pos -3247.12 0.001 2756.61
      Norm 0.366979 0.366979 0.854782
      TC 0.5 1 0 0 0 0 0 0 0 0 0 0 0 0 0 0 
      Color 255 255 255 255
   Vertex
      ID 359
      Pos -3441.57 555.556 2562.17
      Norm 0.428392 0.428392 0.795588
      TC 0 1 0 0 0 0 0 0 0 0 0 0 0 0 0 0 
      Color 255 255 255 255
   Vertex
      ID 36
      Pos 789.935 698.02 -3000
      Norm 0.994529 0 -0.104458
      TC 0 1 0 0 0 0 0 0 0 0 0 0 0 0 0 0 
      Color 255 255 255 255
   Vertex
      ID 360
      Pos -3997.12 750.001 2756.61
      Norm 0.366979 0.366979 0.854782
      TC 0 0.5 0 0 0 0 0 0 0 0 0 0 0 0 0 0 
      Color 255 255 255 255
   Vertex
      ID 363
      Pos -3997.12 1000 -1993.39
      Norm -0.316227 0.948683 0
      TC 0.5 0.5 0 0 0 0 0 0 0 0 0 0 0 0 0 0 
      Color 255 255 255 255
   Vertex
      ID 364
      Pos -4747.12 750 -1993.39
      Norm -0.316228 0.948683 1.54408e-07
      TC 0 0.5 0 0 0 0 0 0 0 0 0 0 0 0 0 0 
      Color 255 255 255 255
   Vertex
      ID 365
      Pos -4747.12 750 -993.391
      Norm -0.316228 0.948683 3.08816e-07
      TC 0 0 0 0 0 0 0 0 0 0 0 0 0 0 0 0 
      Color 255 255 255 255
   Vertex
      ID 366
      Pos -3997.12 1000 -993.391
      Norm -0.316228 0.948683 1.54408e-07
      TC 0.5 0 0 0 0 0 0 0 0 0 0 0 0 0 0 0 
      Color 255 255 255 255
   Vertex
      ID 369
      Pos -3997.12 1000 -1993.39
      Norm 0.316228 0.948683 0
      TC 0.5 0.5 0 0 0 0 0 0 0 0 0 0 0 0 0 0 
      Color 255 255 255 255
   Vertex
      ID 370
      Pos -3997.12 1000 -993.391
      Norm 0.316228 0.948683 0
      TC 0.5 0 0 0 0 0 0 0 0 0 0 0 0 0 0 0 
      Color 255 255 255 255
   Vertex
      ID 371
      Pos -3247.12 750 -993.391
      Norm 0.316228 0.948683 0
      TC 1 0 0 0 0 0 0 0 0 0 0 0 0 0 0 0 
      Color 255 255 255 255
   Vertex
      ID 372
      Pos -3247.12 750 -1993.39
      Norm 0.316228 0.948683 0
      TC 1 0.5 0 0 0 0 0 0 0 0 0 0 0 0 0 0 
      Color 255 255 255 255
   Vertex
      ID 375
      Pos -3997.12 1000 -1993.39
      Norm 0.316228 0.948683 0
      TC 0.5 0.5 0 0 0 0 0 0 0 0 0 0 0 0 0 0 
      Color 255 255 255 255
   Vertex
      ID 376
      Pos -3247.12 750 -1993.39
      Norm 0.316228 0.948683 0
      TC 1 0.5 0 0 0 0 0 0 0 0 0 0 0 0 0 0 
      Color 255 255 255 255
   Vertex
      ID 377
      Pos -3247.12 750 -2993.39
      Norm 0.316228 0.948683 0
      TC 1 1 0 0 0 0 0 0 0 0 0 0 0 0 0 0 
      Color 255 255 255 255
   Vertex
      ID 378
      Pos -3997.12 1000 -2993.39
      Norm 0.316228 0.948683 0
      TC 0.5 1 0 0 0 0 0 0 0 0 0 0 0 0 0 0 
      Color 255 255 255 255
   Vertex
      ID 381
      Pos -3997.12 1000 -1993.39
      Norm -0.316227 0.948683 0
      TC 0.5 0.5 0 0 0 0 0 0 0 0 0 0 0 0 0 0 
      Color 255 255 255 255
   Vertex
      ID 382
      Pos -3997.12 1000 -2993.39
      Norm -0.316227 0.948683 0
      TC 0.5 1 0 0 0 0 0 0 0 0 0 0 0 0 0 0 
      Color 255 255 255 255
   Vertex
      ID 383
      Pos -4747.12 750 -2993.39
      Norm -0.316227 0.948683 0
      TC 0 1 0 0 0 0 0 0 0 0 0 0 0 0 0 0 
      Color 255 255 255 255
   Vertex
      ID 384
      Pos -4747.12 750 -1993.39
      Norm -0.316227 0.948683 0
      TC 0 0.5 0 0 0 0 0 0 0 0 0 0 0 0 0 0 
      Color 255 255 255 255
   Vertex
      ID 387
      Pos -2997.12 0 -1993.39
      Norm 0.948683 0.316228 9.26449e-07
      TC 0.5 0.5 0 0 0 0 0 0 0 0 0 0 0 0 0 0 
      Color 255 255 255 255
   Vertex
      ID 388
      Pos -3247.12 750 -1993.39
      Norm 0.948684 0.316227 4.63224e-07
      TC 0 0.5 0 0 0 0 0 0 0 0 0 0 0 0 0 0 
      Color 255 255 255 255
   Vertex
      ID 389
      Pos -3247.12 750 -993.391
      Norm 0.948684 0.316227 0
      TC 0 0 0 0 0 0 0 0 0 0 0 0 0 0 0 0 
      Color 255 255 255 255
   Vertex
      ID 39
      Pos -1000 -370.193 -1000
      Norm -0.994529 4.85609e-07 -0.104459
      TC 0 0 0 0 0 0 0 0 0 0 0 0 0 0 0 0 
      Color 255 255 255 255
   Vertex
      ID 390
      Pos -2997.12 0 -993.391
      Norm 0.948684 0.316227 4.63224e-07
      TC 0.5 0 0 0 0 0 0 0 0 0 0 0 0 0 0 0 
      Color 255 255 255 255
   Vertex
      ID 393
      Pos -2997.12 0 -1993.39
      Norm 0.992773 -0.120006 9.69505e-07
      TC 0.5 0.5 0 0 0 0 0 0 0 0 0 0 0 0 0 0 
      Color 255 255 255 255
   Vertex
      ID 394
      Pos -2997.12 0 -993.391
      Norm 0.98963 -0.142218 0.0201561
      TC 0.5 0 0 0 0 0 0 0 0 0 0 0 0 0 0 0 
      Color 255 255 255 255
   Vertex
      ID 395
      Pos -3145.85 -892.157 -993.391
      Norm 0.985587 -0.1643 0.0402929
      TC 1 0 0 0 0 0 0 0 0 0 0 0 0 0 0 0 
      Color 255 255 255 255
   Vertex
      ID 396
      Pos -3104.97 -892.157 -1993.39
      Norm 0.98963 -0.142218 0.0201561
      TC 1 0.5 0 0 0 0 0 0 0 0 0 0 0 0 0 0 
      Color 255 255 255 255
   Vertex
      ID 399
      Pos -2997.12 0 -1993.39
      Norm 0.992773 -0.120006 0
      TC 0.5 0.5 0 0 0 0 0 0 0 0 0 0 0 0 0 0 
      Color 255 255 255 255
   Vertex
      ID 4
      Pos -1000 -370.193 -1000
      Norm 0 -1 0
      TC 1 0 0 0 0 0 0 0 0 0 0 0 0 0 0 0 
      Color 255 255 255 255
   Vertex
      ID 40
      Pos -999.999 1629.81 -1000
      Norm -0.994529 2.42805e-07 -0.104459
      TC 1 0 0 0 0 0 0 0 0 0 0 0 0 0 0 0 
      Color 255 255 255 255
   Vertex
      ID 400
      Pos -3104.97 -892.157 -1993.39
      Norm 0.994412 -0.104651 0.0138765
      TC 1 0.5 0 0 0 0 0 0 0 0 0 0 0 0 0 0 
      Color 255 255 255 255
   Vertex
      ID 401
      Pos -3081.55 -915.574 -2908.97
      Norm 0.995623 -0.0892499 0.027747
      TC 1 1 0 0 0 0 0 0 0 0 0 0 0 0 0 0 
      Color 255 255 255 255
   Vertex
      ID 402
      Pos -2997.12 0 -2993.39
      Norm 0.994412 -0.104651 0.0138765
      TC 0.5 1 0 0 0 0 0 0 0 0 0 0 0 0 0 0 
      Color 255 255 255 255
   Vertex
      ID 405
      Pos -2997.12 0 -1993.39
      Norm 0.948683 0.316228 0
      TC 0.5 0.5 0 0 0 0 0 0 0 0 0 0 0 0 0 0 
      Color 255 255 255 255
   Vertex
      ID 406
      Pos -2997.12 0 -2993.39
      Norm 0.948683 0.316228 0
      TC 0.5 1 0 0 0 0 0 0 0 0 0 0 0 0 0 0 
      Color 255 255 255 255
   Vertex
      ID 407
      Pos -3247.12 750 -2993.39
      Norm 0.948683 0.316228 0
      TC 0 1 0 0 0 0 0 0 0 0 0 0 0 0 0 0 
      Color 255 255 255 255
   Vertex
      ID 408
      Pos -3247.12 750 -1993.39
      Norm 0.948683 0.316228 0
      TC 0 0.5 0 0 0 0 0 0 0 0 0 0 0 0 0 0 
      Color 255 255 255 255
   Vertex
      ID 41
      Pos -789.932 698.02 -3000
      Norm -0.994529 0 -0.104459
      TC 1 1 0 0 0 0 0 0 0 0 0 0 0 0 0 0 
      Color 255 255 255 255
   Vertex
      ID 411
      Pos -4997.12 0 -1993.39
      Norm -0.992773 -0.120007 9.69505e-07
      TC 0.5 0.5 0 0 0 0 0 0 0 0 0 0 0 0 0 0 
      Color 255 255 255 255
   Vertex
      ID 412
      Pos -4889.28 -892.157 -1993.39
      Norm -0.98963 -0.142218 0.020156
      TC 0 0.5 0 0 0 0 0 0 0 0 0 0 0 0 0 0 
      Color 255 255 255 255
   Vertex
      ID 413
      Pos -4848.4 -892.157 -993.391
      Norm -0.985587 -0.1643 0.0402926
      TC 0 0 0 0 0 0 0 0 0 0 0 0 0 0 0 0 
      Color 255 255 255 255
   Vertex
      ID 414
      Pos -4997.12 0 -993.391
      Norm -0.98963 -0.142218 0.020156
      TC 0.5 0 0 0 0 0 0 0 0 0 0 0 0 0 0 0 
      Color 255 255 255 255
   Vertex
      ID 417
      Pos -4997.12 0 -1993.39
      Norm -0.948683 0.316228 9.26449e-07
      TC 0.5 0.5 0 0 0 0 0 0 0 0 0 0 0 0 0 0 
      Color 255 255 255 255
   Vertex
      ID 418
      Pos -4997.12 0 -993.391
      Norm -0.948683 0.316228 9.27684e-07
      TC 0.5 0 0 0 0 0 0 0 0 0 0 0 0 0 0 0 
      Color 255 255 255 255
   Vertex
      ID 419
      Pos -4747.12 750 -993.391
      Norm -0.948683 0.316228 9.28919e-07
      TC 1 0 0 0 0 0 0 0 0 0 0 0 0 0 0 0 
      Color 255 255 255 255
   Vertex
      ID 42
      Pos -789.932 -238.408 -3000
      Norm -0.994529 2.42805e-07 -0.104459
      TC 0 1 0 0 0 0 0 0 0 0 0 0 0 0 0 0 
      Color 255 255 255 255
   Vertex
      ID 420
      Pos -4747.12 750 -1993.39
      Norm -0.948683 0.316228 9.27684e-07
      TC 1 0.5 0 0 0 0 0 0 0 0 0 0 0 0 0 0 
      Color 255 255 255 255
   Vertex
      ID 423
      Pos -4997.12 0 -1993.39
      Norm -0.948683 0.316228 0
      TC 0.5 0.5 0 0 0 0 0 0 0 0 0 0 0 0 0 0 
      Color 255 255 255 255
   Vertex
      ID 424
      Pos -4747.12 750 -1993.39
      Norm -0.948683 0.316228 0
      TC 1 0.5 0 0 0 0 0 0 0 0 0 0 0 0 0 0 
      Color 255 255 255 255
   Vertex
      ID 425
      Pos -4747.12 750 -2993.39
      Norm -0.948683 0.316228 0
      TC 1 1 0 0 0 0 0 0 0 0 0 0 0 0 0 0 
      Color 255 255 255 255
   Vertex
      ID 426
      Pos -4997.12 0 -2993.39
      Norm -0.948683 0.316228 0
      TC 0.5 1 0 0 0 0 0 0 0 0 0 0 0 0 0 0 
      Color 255 255 255 255
   Vertex
      ID 429
      Pos -4997.12 0 -1993.39
      Norm -0.992773 -0.120007 0
      TC 0.5 0.5 0 0 0 0 0 0 0 0 0 0 0 0 0 0 
      Color 255 255 255 255
   Vertex
      ID 430
      Pos -4997.12 0 -2993.39
      Norm -0.994412 -0.10465 0.0138773
      TC 0.5 1 0 0 0 0 0 0 0 0 0 0 0 0 0 0 
      Color 255 255 255 255
   Vertex
      ID 431
      Pos -4912.7 -915.574 -2908.97
      Norm -0.995623 -0.0892484 0.0277486
      TC 0 1 0 0 0 0 0 0 0 0 0 0 0 0 0 0 
      Color 255 255 255 255
   Vertex
      ID 432
      Pos -4889.28 -892.157 -1993.39
      Norm -0.994412 -0.10465 0.0138773
      TC 0 0.5 0 0 0 0 0 0 0 0 0 0 0 0 0 0 
      Color 255 255 255 255
   Vertex
      ID 435
      Pos -3997.12 -1000 -1993.39
      Norm 0.120006 -0.992773 1.17193e-07
      TC 0.5 0.5 0 0 0 0 0 0 0 0 0 0 0 0 0 0 
      Color 255 255 255 255
   Vertex
      ID 436
      Pos -3104.97 -892.157 -1993.39
      Norm 0.122843 -0.992423 0.00256907
      TC 0 0.5 0 0 0 0 0 0 0 0 0 0 0 0 0 0 
      Color 255 255 255 255
   Vertex
      ID 437
      Pos -3145.85 -892.157 -993.391
      Norm 0.125678 -0.992058 0.00513798
      TC 0 0 0 0 0 0 0 0 0 0 0 0 0 0 0 0 
      Color 255 255 255 255
   Vertex
      ID 438
      Pos -3997.12 -1000 -993.391
      Norm 0.122843 -0.992423 0.00256907
      TC 0.5 0 0 0 0 0 0 0 0 0 0 0 0 0 0 0 
      Color 255 255 255 255
   Vertex
      ID 441
      Pos -3997.12 -1000 -1993.39
      Norm -0.120005 -0.992773 -1.17193e-07
      TC 0.5 0.5 0 0 0 0 0 0 0 0 0 0 0 0 0 0 
      Color 255 255 255 255
   Vertex
      ID 442
      Pos -3997.12 -1000 -993.391
      Norm -0.122843 -0.992423 0.00256894
      TC 0.5 0 0 0 0 0 0 0 0 0 0 0 0 0 0 0 
      Color 255 255 255 255
   Vertex
      ID 443
      Pos -4848.4 -892.157 -993.391
      Norm -0.125678 -0.992058 0.00513795
      TC 1 0 0 0 0 0 0 0 0 0 0 0 0 0 0 0 
      Color 255 255 255 255
   Vertex
      ID 444
      Pos -4889.28 -892.157 -1993.39
      Norm -0.122843 -0.992423 0.00256894
      TC 1 0.5 0 0 0 0 0 0 0 0 0 0 0 0 0 0 
      Color 255 255 255 255
   Vertex
      ID 447
      Pos -3997.12 -1000 -1993.39
      Norm -0.120005 -0.992773 0
      TC 0.5 0.5 0 0 0 0 0 0 0 0 0 0 0 0 0 0 
      Color 255 255 255 255
   Vertex
      ID 448
      Pos -4889.28 -892.157 -1993.39
      Norm -0.10465 -0.994412 0.0138766
      TC 1 0.5 0 0 0 0 0 0 0 0 0 0 0 0 0 0 
      Color 255 255 255 255
   Vertex
      ID 449
      Pos -4912.7 -915.574 -2908.97
      Norm -0.0892487 -0.995623 0.0277471
      TC 1 1 0 0 0 0 0 0 0 0 0 0 0 0 0 0 
      Color 255 255 255 255
   Vertex
      ID 45
      Pos 1000 -370.193 -1000
      Norm 0 -0.997836 -0.0657499
      TC 0 0 0 0 0 0 0 0 0 0 0 0 0 0 0 0 
      Color 255 255 255 255
   Vertex
      ID 450
      Pos -3997.12 -1000 -2993.39
      Norm -0.10465 -0.994412 0.0138766
      TC 0.5 1 0 0 0 0 0 0 0 0 0 0 0 0 0 0 
      Color 255 255 255 255
   Vertex
      ID 453
      Pos -3997.12 -1000 -1993.39
      Norm 0.120006 -0.992773 0
      TC 0.5 0.5 0 0 0 0 0 0 0 0 0 0 0 0 0 0 
      Color 255 255 255 255
   Vertex
      ID 454
      Pos -3997.12 -1000 -2993.39
      Norm 0.10465 -0.994412 0.0138765
      TC 0.5 1 0 0 0 0 0 0 0 0 0 0 0 0 0 0 
      Color 255 255 255 255
   Vertex
      ID 455
      Pos -3081.55 -915.574 -2908.97
      Norm 0.0892489 -0.995623 0.027747
      TC 0 1 0 0 0 0 0 0 0 0 0 0 0 0 0 0 
      Color 255 255 255 255
   Vertex
      ID 456
      Pos -3104.97 -892.157 -1993.39
      Norm 0.10465 -0.994412 0.0138765
      TC 0 0.5 0 0 0 0 0 0 0 0 0 0 0 0 0 0 
      Color 255 255 255 255
   Vertex
      ID 459
      Pos -3997.12 0 -2993.39
      Norm 0 0 -1
      TC 0.5 0.5 0 0 0 0 0 0 0 0 0 0 0 0 0 0 
      Color 255 255 255 255
   Vertex
      ID 46
      Pos -1000 -370.193 -1000
      Norm 0 -0.997836 -0.0657499
      TC 1 0 0 0 0 0 0 0 0 0 0 0 0 0 0 0 
      Color 255 255 255 255
   Vertex
      ID 460
      Pos -3997.12 -1000 -2993.39
      Norm -0.0504009 -0.0504009 -0.997456
      TC 0 0.5 0 0 0 0 0 0 0 0 0 0 0 0 0 0 
      Color 255 255 255 255
   Vertex
      ID 461
      Pos -4912.7 -915.574 -2908.97
      Norm -0.100545 -0.100545 -0.989839
      TC 0 0 0 0 0 0 0 0 0 0 0 0 0 0 0 0 
      Color 255 255 255 255
   Vertex
      ID 462
      Pos -4997.12 0 -2993.39
      Norm -0.0504009 -0.0504009 -0.997456
      TC 0.5 0 0 0 0 0 0 0 0 0 0 0 0 0 0 0 
      Color 255 255 255 255
   Vertex
      ID 465
      Pos -3997.12 0 -2993.39
      Norm 0 0 -1
      TC 0.5 0.5 0 0 0 0 0 0 0 0 0 0 0 0 0 0 
      Color 255 255 255 255
   Vertex
      ID 466
      Pos -4997.12 0 -2993.39
      Norm 0 0 -1
      TC 0.5 0 0 0 0 0 0 0 0 0 0 0 0 0 0 0 
      Color 255 255 255 255
   Vertex
      ID 467
      Pos -4747.12 750 -2993.39
      Norm 0 0 -1
      TC 1 0 0 0 0 0 0 0 0 0 0 0 0 0 0 0 
      Color 255 255 255 255
   Vertex
      ID 468
      Pos -3997.12 1000 -2993.39
      Norm 0 0 -1
      TC 1 0.5 0 0 0 0 0 0 0 0 0 0 0 0 0 0 
      Color 255 255 255 255
   Vertex
      ID 47
      Pos -789.932 -238.408 -3000
      Norm 0 -0.997836 -0.0657499
      TC 1 1 0 0 0 0 0 0 0 0 0 0 0 0 0 0 
      Color 255 255 255 255
   Vertex
      ID 471
      Pos -3997.12 0 -2993.39
      Norm 0 0 -1
      TC 0.5 0.5 0 0 0 0 0 0 0 0 0 0 0 0 0 0 
      Color 255 255 255 255
   Vertex
      ID 472
      Pos -3997.12 1000 -2993.39
      Norm 0 0 -1
      TC 1 0.5 0 0 0 0 0 0 0 0 0 0 0 0 0 0 
      Color 255 255 255 255
   Vertex
      ID 473
      Pos -3247.12 750 -2993.39
      Norm 0 0 -1
      TC 1 1 0 0 0 0 0 0 0 0 0 0 0 0 0 0 
      Color 255 255 255 255
   Vertex
      ID 474
      Pos -2997.12 0 -2993.39
      Norm 0 0 -1
      TC 0.5 1 0 0 0 0 0 0 0 0 0 0 0 0 0 0 
      Color 255 255 255 255
   Vertex
      ID 477
      Pos -3997.12 0 -2993.39
      Norm 0 0 -1
      TC 0.5 0.5 0 0 0 0 0 0 0 0 0 0 0 0 0 0 
      Color 255 255 255 255
   Vertex
      ID 478
      Pos -2997.12 0 -2993.39
      Norm 0.050401 -0.050401 -0.997456
      TC 0.5 1 0 0 0 0 0 0 0 0 0 0 0 0 0 0 
      Color 255 255 255 255
   Vertex
      ID 479
      Pos -3081.55 -915.574 -2908.97
      Norm 0.100546 -0.100546 -0.989839
      TC 0 1 0 0 0 0 0 0 0 0 0 0 0 0 0 0 
      Color 255 255 255 255
   Vertex
      ID 48
      Pos 789.935 -238.408 -3000
      Norm 0 -0.997836 -0.0657499
      TC 0 1 0 0 0 0 0 0 0 0 0 0 0 0 0 0 
      Color 255 255 255 255
   Vertex
      ID 480
      Pos -3997.12 -1000 -2993.39
      Norm 0.050401 -0.050401 -0.997456
      TC 0 0.5 0 0 0 0 0 0 0 0 0 0 0 0 0 0 
      Color 255 255 255 255
   Vertex
      ID 5
      Pos 1000 -370.193 -1000
      Norm 0 -1 0
      TC 1 1 0 0 0 0 0 0 0 0 0 0 0 0 0 0 
      Color 255 255 255 255
   Vertex
      ID 51
      Pos -789.932 -238.408 -3000
      Norm 0 0 -1
      TC 0 0 0 0 0 0 0 0 0 0 0 0 0 0 0 0 
      Color 255 255 255 255
   Vertex
      ID 52
      Pos -789.932 698.02 -3000
      Norm 0 0 -1
      TC 1 0 0 0 0 0 0 0 0 0 0 0 0 0 0 0 
      Color 255 255 255 255
   Vertex
      ID 53
      Pos 789.935 698.02 -3000
      Norm 0 0 -1
      TC 1 1 0 0 0 0 0 0 0 0 0 0 0 0 0 0 
      Color 255 255 255 255
   Vertex
      ID 54
      Pos 789.935 -238.408 -3000
      Norm 0 0 -1
      TC 0 1 0 0 0 0 0 0 0 0 0 0 0 0 0 0 
      Color 255 255 255 255
   Vertex
      ID 57
      Pos 1000 1629.81 1000
      Norm -3.09619e-07 0.773251 0.6341
      TC 0 0 0 0 0 0 0 0 0 0 0 0 0 0 0 0 
      Color 255 255 255 255
   Vertex
      ID 58
      Pos -1000 1629.81 999.999
      Norm -1.5481e-07 0.773251 0.6341
      TC 1 0 0 0 0 0 0 0 0 0 0 0 0 0 0 0 
      Color 255 255 255 255
   Vertex
      ID 59
      Pos -400.001 809.765 2000
      Norm 0 0.773251 0.6341
      TC 1 1 0 0 0 0 0 0 0 0 0 0 0 0 0 0 
      Color 255 255 255 255
   Vertex
      ID 6
      Pos 999.999 -370.193 1000
      Norm 0 -1 0
      TC 0 1 0 0 0 0 0 0 0 0 0 0 0 0 0 0 
      Color 255 255 255 255
   Vertex
      ID 60
      Pos 399.999 809.765 2000
      Norm -1.5481e-07 0.773251 0.6341
      TC 0 1 0 0 0 0 0 0 0 0 0 0 0 0 0 0 
      Color 255 255 255 255
   Vertex
      ID 63
      Pos 999.999 -370.193 1000
      Norm 0.857493 -4.18697e-07 0.514496
      TC 0 0 0 0 0 0 0 0 0 0 0 0 0 0 0 0 
      Color 255 255 255 255
   Vertex
      ID 64
      Pos 1000 1629.81 1000
      Norm 0.857493 -2.09348e-07 0.514496
      TC 1 0 0 0 0 0 0 0 0 0 0 0 0 0 0 0 
      Color 255 255 255 255
   Vertex
      ID 65
      Pos 399.999 809.765 2000
      Norm 0.857493 0 0.514497
      TC 1 1 0 0 0 0 0 0 0 0 0 0 0 0 0 0 
      Color 255 255 255 255
   Vertex
      ID 66
      Pos 399.999 449.849 2000
      Norm 0.857493 -2.09348e-07 0.514496
      TC 0 1 0 0 0 0 0 0 0 0 0 0 0 0 0 0 
      Color 255 255 255 255
   Vertex
      ID 69
      Pos -1000 1629.81 999.999
      Norm -0.857493 2.51218e-07 0.514495
      TC 0 0 0 0 0 0 0 0 0 0 0 0 0 0 0 0 
      Color 255 255 255 255
   Vertex
      ID 70
      Pos -1000 -370.193 1000
      Norm -0.857493 1.25609e-07 0.514495
      TC 1 0 0 0 0 0 0 0 0 0 0 0 0 0 0 0 
      Color 255 255 255 255
   Vertex
      ID 71
      Pos -400.001 449.849 2000
      Norm -0.857493 0 0.514495
      TC 1 1 0 0 0 0 0 0 0 0 0 0 0 0 0 0 
      Color 255 255 255 255
   Vertex
      ID 72
      Pos -400.001 809.765 2000
      Norm -0.857493 1.25609e-07 0.514495
      TC 0 1 0 0 0 0 0 0 0 0 0 0 0 0 0 0 
      Color 255 255 255 255
   Vertex
      ID 75
      Pos -1000 -370.193 1000
      Norm 0 -0.773252 0.634099
      TC 0 0 0 0 0 0 0 0 0 0 0 0 0 0 0 0 
      Color 255 255 255 255
   Vertex
      ID 76
      Pos 999.999 -370.193 1000
      Norm 0 -0.773252 0.634099
      TC 1 0 0 0 0 0 0 0 0 0 0 0 0 0 0 0 
      Color 255 255 255 255
   Vertex
      ID 77
      Pos 399.999 449.849 2000
      Norm 0 -0.773252 0.634099
      TC 1 1 0 0 0 0 0 0 0 0 0 0 0 0 0 0 
      Color 255 255 255 255
   Vertex
      ID 78
      Pos -400.001 449.849 2000
      Norm 0 -0.773252 0.634099
      TC 0 1 0 0 0 0 0 0 0 0 0 0 0 0 0 0 
      Color 255 255 255 255
   Vertex
      ID 81
      Pos -400.001 809.765 2000
      Norm 0 0 1
      TC 0 0 0 0 0 0 0 0 0 0 0 0 0 0 0 0 
      Color 255 255 255 255
   Vertex
      ID 82
      Pos -400.001 449.849 2000
      Norm 0 0 1
      TC 1 0 0 0 0 0 0 0 0 0 0 0 0 0 0 0 
      Color 255 255 255 255
   Vertex
      ID 83
      Pos 399.999 449.849 2000
      Norm 0 0 1
      TC 1 1 0 0 0 0 0 0 0 0 0 0 0 0 0 0 
      Color 255 255 255 255
   Vertex
      ID 84
      Pos 399.999 809.765 2000
      Norm 0 0 1
      TC 0 1 0 0 0 0 0 0 0 0 0 0 0 0 0 0 
      Color 255 255 255 255
   Vertex
      ID 87
      Pos -1984.14 0 -496.695
      Norm -4.81171e-07 0.316225 -0.948684
      TC 0.5 0.5 0 0 0 0 0 0 0 0 0 0 0 0 0 0 
      Color 255 255 255 255
   Vertex
      ID 88
      Pos -1984.14 375 -371.696
      Norm -2.40585e-07 0.316227 -0.948684
      TC 1 0.5 0 0 0 0 0 0 0 0 0 0 0 0 0 0 
      Color 255 255 255 255
   Vertex
      ID 89
      Pos 1.438 375 -371.696
      Norm 0 0.316228 -0.948683
      TC 1 1 0 0 0 0 0 0 0 0 0 0 0 0 0 0 
      Color 255 255 255 255
   Vertex
      ID 9
      Pos -1000 1629.81 999.999
      Norm 0 1 0
      TC 0 0 0 0 0 0 0 0 0 0 0 0 0 0 0 0 
      Color 255 255 255 255
   Vertex
      ID 90
      Pos 1.438 0 -496.696
      Norm -2.40585e-07 0.316227 -0.948684
      TC 0.5 1 0 0 0 0 0 0 0 0 0 0 0 0 0 0 
      Color 255 255 255 255
   Vertex
      ID 93
      Pos -1984.14 0 -496.695
      Norm -4.8117e-07 -0.316228 -0.948683
      TC 0.5 0.5 0 0 0 0 0 0 0 0 0 0 0 0 0 0 
      Color 255 255 255 255
   Vertex
      ID 94
      Pos 1.438 0 -496.696
      Norm -4.81967e-07 -0.316228 -0.948683
      TC 0.5 1 0 0 0 0 0 0 0 0 0 0 0 0 0 0 
      Color 255 255 255 255
   Vertex
      ID 95
      Pos 1.438 -375 -371.696
      Norm -4.82764e-07 -0.316228 -0.948683
      TC 0 1 0 0 0 0 0 0 0 0 0 0 0 0 0 0 
      Color 255 255 255 255
   Vertex
      ID 96
      Pos -1984.14 -375 -371.695
      Norm -4.81967e-07 -0.316228 -0.948683
      TC 0 0.5 0 0 0 0 0 0 0 0 0 0 0 0 0 0 
      Color 255 255 255 255
   Vertex
      ID 99
      Pos 1.438 0 3.304
      Norm 1 0 0
      TC 0.5 0.5 0 0 0 0 0 0 0 0 0 0 0 0 0 0 
      Color 255 255 255 255
Container
   ID 85
   ParentID 0
   Name LeftArmConnector
   Facing 0
   Rot1 0 0 0
   Rot2 0 0 0
   Trans -1000 0 0
Container
   ID 86
   ParentID 0
   Name RightArmConnector
   Facing 0
   Rot1 0 0 0
   Rot2 0 0 0
   Trans 1000 0 0
Node
   Triangles
   Tri
      ID 1
      Verts 3 4 6
      Material materials/metal/rusty
      Collide 1
   Tri
      ID 13
      Verts 15 16 18
      Material materials/metal/rusty
      Collide 1
   Tri
      ID 14
      Verts 16 17 18
      Material materials/metal/rusty
      Collide 1
   Tri
      ID 19
      Verts 21 22 24
      Material materials/metal/rusty
      Collide 1
   Tri
      ID 2
      Verts 4 5 6
      Material materials/metal/rusty
      Collide 1
   Tri
      ID 20
      Verts 22 23 24
      Material materials/metal/rusty
      Collide 1
   Tri
      ID 25
      Verts 27 28 30
      Material materials/metal/rusty
      Collide 1
   Tri
      ID 26
      Verts 28 29 30
      Material materials/metal/rusty
      Collide 1
   Tri
      ID 31
      Verts 33 34 36
      Material materials/metal/rusty
      Collide 1
   Tri
      ID 32
      Verts 34 35 36
      Material materials/metal/rusty
      Collide 1
   Tri
      ID 37
      Verts 39 40 42
      Material materials/metal/rusty
      Collide 1
   Tri
      ID 38
      Verts 40 41 42
      Material materials/metal/rusty
      Collide 1
   Tri
      ID 43
      Verts 45 46 48
      Material materials/metal/rusty
      Collide 1
   Tri
      ID 44
      Verts 46 47 48
      Material materials/metal/rusty
      Collide 1
   Tri
      ID 49
      Verts 51 52 54
      Material materials/metal/rusty
      Collide 1
   Tri
      ID 50
      Verts 52 53 54
      Material materials/metal/rusty
      Collide 1
   Tri
      ID 55
      Verts 57 58 60
      Material materials/metal/rusty
      Collide 1
   Tri
      ID 56
      Verts 58 59 60
      Material materials/metal/rusty
      Collide 1
   Tri
      ID 61
      Verts 63 64 66
      Material materials/metal/rusty
      Collide 1
   Tri
      ID 62
      Verts 64 65 66
      Material materials/metal/rusty
      Collide 1
   Tri
      ID 67
      Verts 69 70 72
      Material materials/metal/rusty
      Collide 1
   Tri
      ID 68
      Verts 70 71 72
      Material materials/metal/rusty
      Collide 1
   Tri
      ID 7
      Verts 9 10 12
      Material materials/metal/rusty
      Collide 1
   Tri
      ID 73
      Verts 75 76 78
      Material materials/metal/rusty
      Collide 1
   Tri
      ID 74
      Verts 76 77 78
      Material materials/metal/rusty
      Collide 1
   Tri
      ID 79
      Verts 81 82 84
      Material materials/metal/rusty
      Collide 1
   Tri
      ID 8
      Verts 10 11 12
      Material materials/metal/rusty
      Collide 1
   Tri
      ID 80
      Verts 82 83 84
      Material materials/metal/rusty
      Collide 1
